0 8 8 8 8 8 8 8 8 8 8 8 8 8 
8 0 1 10 4 2 2 13 5 15 5 14 9 12 
8 1 0 7 1 1 1 1 1 1 1 1 1 1 
8 10 7 0 10 10 13 16 11 14 8 10 9 13 
8 4 1 10 0 5 2 10 5 17 4 4 9 4 
8 2 1 10 5 0 10 8 1 8 3 3 5 11 
8 2 1 13 2 10 0 8 5 11 2 2 2 2 
8 13 1 16 10 8 8 0 5 11 17 16 16 17 
8 5 1 11 5 1 5 5 0 14 5 5 5 5 
8 15 1 14 17 8 11 11 14 0 16 9 16 9 
8 5 1 8 4 3 2 17 5 16 0 4 9 14 
8 14 1 10 4 3 2 16 5 9 4 0 9 4 
8 9 1 9 9 5 2 16 5 16 9 9 0 9 
8 12 1 13 4 11 2 17 5 9 14 4 9 0 
