0 7 7 7 7 7 7 7 7 7 7 7 7 7 7 7 
7 0 9 13 4 7 16 9 15 10 3 12 16 10 15 9 
7 9 0 20 4 13 2 14 7 3 3 10 7 9 2 13 
7 13 20 0 16 17 15 13 13 15 10 14 19 5 18 10 
7 4 4 16 0 4 4 4 4 4 3 4 4 7 4 6 
7 7 13 17 4 0 15 8 15 11 3 9 10 11 11 15 
7 16 2 15 4 15 0 10 2 2 3 2 2 9 2 11 
7 9 14 13 4 8 10 0 12 18 3 20 18 12 12 9 
7 15 7 13 4 15 2 12 0 7 3 8 7 12 2 13 
7 10 3 15 4 11 2 18 7 0 3 9 7 12 2 9 
7 3 3 10 3 3 3 3 3 3 0 3 3 14 3 12 
7 12 10 14 4 9 2 20 8 9 3 0 18 10 2 14 
7 16 7 19 4 10 2 18 7 7 3 18 0 11 2 9 
7 10 9 5 7 11 9 12 12 12 14 10 11 0 14 5 
7 15 2 18 4 11 2 12 2 2 3 2 2 14 0 9 
7 9 13 10 6 15 11 9 13 9 12 14 9 5 9 0 
